maxHeap

11 21 27 37 36 34 32 43 44 42 51 62

                        62
                44            51
            37   43          34   32
        11  36  27  42     21

62 44 51 37 43 34 32 11 36 27 42 21 !

                        51
                44            34
            37   43          21   32
        11  36  27  42

51 44 34 37 43 21 32 11 36 27 42 ! 62

                        44
                43            34
            37   42          21   32
        11  36  27

44 43 34 37 42 21 32 11 36 27 ! 51 62

                        43
                42            34
            37   27          21   32
        11  36  

43 42 34 37 27 21 32 11 36 ! 44 51 62

                        42
                37            34
            36   27          21   32
        11

42 37 34 36 27 21 32 11 ! 43 44 51 62

                        37
                36            34
            11   27          21   32

37 36 34 11 27 21 32 ! 42 43 44 51 62

                        36
                32            34
            11   27          21

36 32 34 11 27 21 ! 37 42 43 44 51 62

                        34
                32            21
            11   27

34 32 21 11 27 ! 36 37 42 43 44 51 62

                        32
                27            21
            11

32 27 21 11 ! 34 36 37 42 43 44 51 62

                        27
                11            21

27 11 21 ! 32 34 36 37 42 43 44 51 62

                        21
                11

21 11 ! 27 32 34 36 37 42 43 44 51 62

                        11

11 ! 21 27 32 34 36 37 42 43 44 51 62


! 11 21 27 32 34 36 37 42 43 44 51 62